F:\PRML_assigment2>python Q3_2.py
X:
[[1.       0.58351  0.37939  ... 0.95855  0.84948  0.92369 ]
 [1.       0.86622  0.45135  ... 0.32068  0.41419  0.83023 ]
 [1.       0.39142  0.91995  ... 0.62863  0.29479  0.5428  ]
 ...
 [1.       0.89209  0.99753  ... 0.82772  0.33115  0.92875 ]
 [1.       0.70381  0.42294  ... 0.82246  0.4981   0.060471]
 [1.       0.36578  0.028173 ... 0.87269  0.015329 0.99026 ]]
Y:
[[1.9741]
 [2.3354]
 [2.2053]
 ...
 [2.0964]
 [1.8405]
 [2.7624]]
(8000, 101)
(2000, 101)
(8000, 1)
(2000, 1)
[[-0.64444539  0.29389231 -0.06243181  0.36888772  0.05537298 -0.29309996
  -0.31791888  0.15882821  0.13423314 -0.16307404 -0.18995465  0.02752793
   0.25166733 -0.12545373  0.05126243 -0.00601582  0.10349741 -0.01142525
   0.20299566  0.40887798  0.25290799 -0.29568922  0.05316018  0.40164619
  -0.16536057  0.0590596   0.4230963   0.01794661 -0.3187235  -0.07480959
  -0.15651593  0.30632653  0.07416256 -0.21171107  0.01875371 -0.21796747
  -0.31771428 -0.09150754 -0.07357715  0.17819789  0.36356389  0.37954786
   0.40992781  0.13132849  0.13008502 -0.30671627  0.2036344  -0.32219399
  -0.09936036 -0.12505016  0.24778233  0.26191349  0.16856861  0.40002785
  -0.16115203  0.27744122 -0.06326494 -0.0794486   0.29480535  0.41280617
   0.07175646  0.02470002 -0.18963239 -0.1723201   0.24520463  0.33526857
  -0.1942173  -0.18226044  0.3717325   0.38927283 -0.17451137  0.3930812
  -0.11814183  0.39685811  0.17925933  0.39290345 -0.25371274 -0.15637353
   0.30606733  0.37437629 -0.23993234  0.33857709  0.41927074 -0.08303544
  -0.29682839  0.38523797 -0.28654837  0.16410843 -0.30285303  0.09077649
  -0.26003863  0.37093326 -0.23463273  0.15535756 -0.08223454  0.08086123
   0.0899335   0.23111455  0.24446404 -0.24512448 -0.19530768]]
0.371602382968262
[[ 2.54963777e-02 -7.97515182e-03 -7.60655807e-03 -2.29957613e-03
   5.47519437e-04  1.83305973e-01 -5.16977691e-04  1.76574070e-03
   1.74495032e-01  7.89931211e-03  5.00691191e-01  1.08430619e-02
   6.97658995e-03  1.87046403e-02  9.20302080e-03  5.78434956e-03
  -2.29747823e-03 -2.94584960e-04  8.76869949e-04 -1.34155145e-02
  -3.67993557e-03 -1.01721037e-02 -1.13296914e-02  5.17823455e-03
  -1.27125845e-02  1.00163208e-02 -3.75323251e-03  2.78283526e-03
   5.01125551e-03  1.26839958e-02 -7.34615108e-03 -8.82476675e-03
  -1.09340024e-03  7.58224530e-03  8.67508373e-03 -1.28103312e-02
  -3.64508783e-03  1.11432892e-02 -5.88234008e-03 -2.01514886e-02
   5.88985207e-01 -6.54086881e-03 -7.51250006e-06 -1.87624990e-03
  -9.49735453e-03 -2.72850807e-03  7.67447801e-03 -1.15066908e-02
  -3.43965468e-03  1.60426163e-04  3.89389627e-02  4.50161137e-01
  -1.38708905e-02  4.40025075e-03  2.22754293e-03  2.94906556e-01
   9.04450271e-03 -2.58329354e-03  4.88579090e-03 -1.64116056e-02
   7.73768126e-01 -9.30659070e-03 -3.88418644e-03  6.08523169e-03
  -1.47926544e-03  1.08789189e-03  5.76236663e-03 -3.36175636e-03
   3.00244095e-03 -6.28327976e-03 -4.11758352e-03  4.42635357e-03
   9.61638726e-04 -1.53008218e-02 -1.49409656e-02 -4.43886675e-03
   5.92930346e-01 -5.49596739e-03 -1.39940710e-02 -1.49937964e-03
   8.48680872e-01 -8.71520157e-03  4.61051714e-04 -1.42141225e-03
  -1.59188138e-03  5.75214739e-03  9.24822620e-03  9.15952248e-03
  -9.54395894e-03  1.05152715e-02  1.75876130e-03  9.82018521e-04
   1.20560249e-02 -1.34364961e-03  2.48828952e-03  6.65851783e-03
  -1.34159428e-02  1.55277900e-02  6.09433048e-03 -2.49592135e-04
  -9.05283142e-03]]
Errors:
[[0.30058053]
 [0.26897083]
 [0.18589258]
 [0.20159785]
 [0.14234145]
 [0.15140078]
 [0.14334224]
 [0.13014647]
 [0.14209499]
 [0.12938962]
 [0.13543796]
 [0.13293273]
 [0.14024427]
 [0.14143686]
 [0.14606481]
 [0.14835619]
 [0.15083161]
 [0.15576362]
 [0.15797371]
 [0.16095026]]
Cost with Maximum Likelyhood Estimator:
0.18607622512696873
Cost with Ridge Regression:
0.12072888075800238
Difference in W_ML and best W_ridge:
1.5173990056171847

F:\PRML_assigment2>